- A C D E F G H I K L M N P Q R S T V W Y
- 2.5 -0.88 -0.77 -1.33 -2.10 -0.79 -1.42 -0.77 -0.74 -2.66 -0.51 -0.99 -2.15 -0.64 -1.13 -0.76 -0.99 -1.50 -0.58 -0.50 -2.06
A -0.88 1.56 -0.33 -0.40 -1.25 0.04 -0.34 0.03 -0.30 -1.28 -0.49 -0.32 -0.29 -0.39 -0.45 -0.15 -0.02 -0.22 -0.04 -0.02 0.37
C -0.77 -0.33 2.65 -0.24 -0.90 0.33 -0.06 0.03 -0.07 -1.35 0.03 -0.49 0.06 -0.30 0.34 -0.22 0.23 -0.22 -0.04 0.04 -0.12
D -1.33 -0.40 -0.24 1.49 -0.30 -0.25 -0.29 0.01 -0.08 -1.16 -0.64 -0.47 0.50 -0.70 -0.03 -0.44 -0.28 -0.24 -0.45 -0.46 0.56
E -2.10 -1.25 -0.90 -0.30 1.99 -1.35 -0.95 -1.25 -0.15 1.95 -1.74 -0.06 -0.58 0.42 -0.32 -0.76 -1.58 0.23 -0.71 -1.38 -1.02
F -0.79 0.04 0.33 -0.25 -1.35 2.26 -0.26 0.13 -0.03 -2.07 0.11 -0.30 -0.37 -0.14 0.03 0.18 0.02 -0.20 0.19 0.27 -0.19
G -1.42 -0.34 -0.06 -0.29 -0.95 -0.26 0.96 -0.39 -0.23 -1.05 -0.71 -0.28 -0.32 -0.55 -0.54 -0.22 -0.21 -0.22 -0.25 -0.40 -0.25
H -0.77 0.03 0.03 0.01 -1.25 0.13 -0.39 2.01 -0.14 -1.78 -0.05 -0.51 0.21 -0.37 -0.04 -0.10 -0.01 -0.13 0.05 0.13 0.56
I -0.74 -0.30 -0.07 -0.08 -0.15 -0.03 -0.23 -0.14 1.65 0.03 0.03 0.10 -0.30 0.01 -0.33 -0.03 -0.29 -0.32 0.24 0.08 -0.70
K -2.66 -1.28 -1.35 -1.16 1.95 -2.07 -1.05 -1.78 0.03 2.78 -2.34 0.34 -0.99 0.36 -0.37 -0.66 -2.30 0.32 -0.89 -2.01 -2.90
L -0.51 -0.49 0.03 -0.64 -1.74 0.11 -0.71 -0.05 0.03 -2.34 2.17 0.47 -0.92 -0.19 -0.27 -0.05 -0.16 -0.80 0.16 0.49 -1.25
M -0.99 -0.32 -0.49 -0.47 -0.06 -0.30 -0.28 -0.51 0.10 0.34 0.47 3.25 -0.81 -0.17 -0.47 0.06 0.10 -0.38 0.19 0.02 -1.47
N -2.15 -0.29 0.06 0.50 -0.58 -0.37 -0.32 0.21 -0.30 -0.99 -0.92 -0.81 1.77 -0.71 -0.01 -0.26 -0.13 -0.05 -0.45 -0.62 0.63
P -0.64 -0.39 -0.30 -0.70 0.42 -0.14 -0.55 -0.37 0.01 0.36 -0.19 -0.17 -0.71 1.27 -0.35 -0.12 -0.42 -0.14 0.02 -0.05 -1.16
Q -1.13 -0.45 0.34 -0.03 -0.32 0.03 -0.54 -0.04 -0.33 -0.37 -0.27 -0.47 -0.01 -0.35 1.68 -0.21 0.25 -0.28 -0.35 0.09 0.01
R -0.76 -0.15 -0.22 -0.44 -0.76 0.18 -0.22 -0.10 -0.03 -0.66 -0.05 0.06 -0.26 -0.12 -0.21 1.36 -0.04 -0.37 0.05 0.11 -0.28
S -0.99 -0.02 0.23 -0.28 -1.58 0.02 -0.21 -0.01 -0.29 -2.30 -0.16 0.10 -0.13 -0.42 0.25 -0.04 1.30 -0.35 -0.01 0.18 -0.40
T -1.50 -0.22 -0.22 -0.24 0.23 -0.20 -0.22 -0.13 -0.32 0.32 -0.80 -0.38 -0.05 -0.14 -0.28 -0.37 -0.35 1.21 -0.25 -0.34 -0.11
V -0.58 -0.04 -0.04 -0.45 -0.71 0.19 -0.25 0.05 0.24 -0.89 0.16 0.19 -0.45 0.02 -0.35 0.05 -0.01 -0.25 1.22 0.27 -0.71
W -0.50 -0.02 0.04 -0.46 -1.38 0.27 -0.40 0.13 0.08 -2.01 0.49 0.02 -0.62 -0.05 0.09 0.11 0.18 -0.34 0.27 2.08 -0.72
Y -2.06 0.37 -0.12 0.56 -1.02 -0.19 -0.25 0.56 -0.70 -2.90 -1.25 -1.47 0.63 -1.16 0.01 -0.28 -0.40 -0.11 -0.71 -0.72 2.14
